1730761202
1634711530
1861755484
1789203241
1877701565
1963841522
2167531390
1897873475
1257079161
1761673075
1790602943
2187353980
1098686803
1690124232
1501772742
1840733085
1868129321
2021544163
2101796722
1343398313
1633169837
1064479342
1414843437
1761944580
1711007813
1865157061
1236716120
2038088880
1715927214
1553501357
1743431175
1971070122
1913898803
1917597347
1826789781
1976450235
2011033864
2016843041
1810339077
1864524221
1890587581
1821207610
1794074572
1574117245
1266731063
1994882577
1706944055
1927798797
1213608554
1832146730
1177463084
1745028650
2034690911
2166074390
1651823521
2142977091
1742052974
1865448203
2157474215
1771581151
1665035887
1827648252
1791764381
1616062534
2009279925
1074592663
1908220303
1302233514
1654490221
1760707075
1731703267
1917701545
1245699213
1043063264
2367672934
1311847530
1830241202
1891384880
1980540463
1847139734
1868768842
1908344892
1717913510
1828137467
1997196413
2065357290
1790260297
2347416022
1958062104
1923900277
1875107677
1700877085
1827819693
1855286330
1823133901
1707145934
1825886654
2402442657
1727294934
1623169140
