1408687715
1861755484
2004683141
1415617632
1877701565
2201579697
1677433890
1624572331
2134509287
1749702975
1419874151
1867633522
1774055504
1745119953
1456489642
1830369093
1815125334
1961240121
1846398065
1704231002
1287182803
1151277630
1798290343
1911487194
1260726905
2255848663
1506566734
1734340813
1698845075
1776889422
1749955153
1802404377
1812521131
1650967685
1789464607
1507455980
1416959495
2101796722
1768313630
1443360772
1772674883
1343398313
2101904643
1236308622
1853453915
1896983230
1835910342
2134335554
1802548005
1911134712
1663765234
1695749961
1433836165
1715927214
1827355874
1410656342
1773173950
1769049554
1933660062
1971070122
1861684514
1472359393
1651124053
1869921350
1163738947
1913898803
1969150004
2197667967
1828453773
1976450235
1713072822
1549268633
1439971987
1809227577
1782566033
1816324710
1730350084
1634910762
1979975117
1810395217
1247078293
1766102084
1266777350
1773920472
1804390625
2076003691
1810339077
1873290321
1426773210
1059225422
1892496687
1429995424
1349171814
1593979791
1149971677
1730761202
1846560603
1204988234
1784256427
1634289990
