1563134600
1454467525
2027555270
1419874151
1222813631
1800705370
1881953330
1410091077
1745717944
1491364322
1650967685
1149738115
1416959495
2159887845
1780900670
1262559231
1228385405
1730704317
1085244753
1809227577
1039251881
1979975117
1954561704
1984062783
1392649440
1892496687
1148610090
1568445021
1410265162
1748598705
1574117245
1908796690
1912013742
1697063005
2110714731
1772779871
1486816843
1927798797
1767653017
1976953052
1760362450
1910620555
1864115150
1171725262
1920047765
1945708563
1888533733
1663351725
1691724250
1419207595
1392256251
2177561675
2181606562
1710329455
1322503172
1733883562
2384144020
1869017783
1999771033
1778578577
1641956453
1400778663
1045586271
1883318081
1937959905
1951837325
1422884261
1452549437
1801566637
1072534612
1132293945
1647286695
2110718297
2024957063
1802527952
2050473955
1653835752
2030476695
2263662900
1700877085
2372934931
1681901143
1813805413
1978378511
1825783487
1625838261
1463345692
1902963255
2019960845
1730513021
1375143763
2144705637
1912481627
1456884135
1916175581
1764215613
1642553175
1691423161
1943509954
1803280173
