1722618390
1456447460
1784256427
1789203241
1084882070
2004683141
2130596147
1677433890
2134509287
1825609153
1638736003
1823279202
1419874151
1867633522
1774055504
1464667565
2167531390
1815125334
1257079161
1761673075
1704231002
1353946542
1896307765
1385892075
1663756533
1506566734
1501772742
1878356811
1698845075
1849907662
1652286665
1959359391
1802404377
1560758697
1234986851
1823310674
1859194794
1768313630
1760874764
1780900670
1776963235
1236308622
1853453915
1633169837
1216527747
1855821131
1680121080
1744448751
2134335554
1584023130
1191465644
1236716120
1853347207
2038088880
1893775554
1695749961
1651194521
1743431175
1773173950
1262559231
1667902705
1221312380
1861684514
1852080380
1651124053
1862070015
1063927672
1917597347
1826789781
1266215664
1777844872
2031943433
1782566033
1843260725
1634910762
1880332401
1954561704
1912514663
1810339077
1773920472
1804390625
1702260275
1639639575
2076003691
1621380664
1840256150
1337863290
1269465587
1349171814
1354452023
1586094833
2128329562
1816770121
1934809443
1740327571
1769952521
1002162287
1936076201
