1059018092
1634289990
1813277067
1084882070
1677433890
1830369093
1790602943
2187353980
1260726905
1652286665
1749955153
2021544163
1896983230
1853347207
1410656342
1085244753
1783534845
1585522463
2016843041
1873290321
1748062170
1750152731
1936076201
1268421373
1766488587
2072572837
1278767971
1794074572
1945911971
1644737355
1808507154
1600058913
1812153123
1404069510
1955055372
1657154792
1197011504
2142977091
2215595802
1663351725
1738649580
1799875427
1970679312
2075628727
1810669354
2115243674
1935455027
1820112391
1899285877
1772875521
1074592663
1763627213
1589929322
2149291123
1869807340
1715118310
1760707075
1848717904
1883169074
1897593472
1891384880
1726117363
1651365725
1774198054
1743708033
1866384067
1574774670
1807640550
1496595900
2158807894
1832490570
1873218754
1831733054
2326496214
1707145934
2329772001
1646942674
1775329700
1706264884
1595216060
1760257112
1420538461
1727294934
1984079125
2245381077
1680819925
1824802291
1659209222
1764215613
2026007682
1788449457
2088757585
1250206715
2187504503
1462796620
1730858357
1765295665
1249487171
2311643395
1336068220