1563134600
1456447460
1634711530
1736059120
1846560603
1408687715
2030743112
1813277067
1774909824
1084882070
2004683141
1454467525
2027555270
1745119953
1963841522
1174076592
1761673075
1790602943
1704231002
1837086851
1787101617
1098686803
1287182803
1798290343
1896307765
1385892075
1734340813
1501772742
1745717944
1491364322
1733451500
1317436574
1560758697
1149738115
1714173015
1443360772
1908118690
1776963235
1855821131
1711007813
1680121080
1865157061
1835910342
1584023130
1802548005
1191465644
1236716120
2038088880
1893775554
1433836165
1651194521
1751927492
1318583357
1769049554
1667902705
1221312380
1869921350
1163738947
1439971987
1266215664
2011033864
1809227577
2119327035
1587918467
1880332401
1247078293
1957610845
1349351362
1702260275
1621380664
1840256150
1337863290
1984062783
1892496687
2238455312
1269465587
1354452023
2114068082
1934809443
1630265771
1769952521
1750152731