2033175114
1985283861
1850988623
1667925927
1410685460
2309905191
1859509474
1796445350
1893821087
1838598957
2246460090
1750070171
1649608047
1617248253
1895520105
1932543735
2083216565
2219368761
1731979022
2049128063
1645596452
1642471052
1880927244
2172093041
1879022857
2303513260
1687445053
2012766142
2346698343
1278485542
1719897831
2926805874
1892990701
1829022565
1812671331
1654140974
1796783321
2268273892
3097378697
2377120280
1894608381
1841120453
1763062404
1831650534
1660012450
1656692511
1808099300
2060331425
2207500872
2095253787
2686902993
2997581720
2374742704
1862960357
1822936141
1774253554
2299819415
2096503112
2043668845
1905169517
1833030495
1645013285
3155016932
2599737355
1644676117
2607582403
2663461972
1863407034
1800356282
1716344863
1925271485
2302985255
2173834957
1928656651
2708645647
1826017320
2776981191
2533184410
2707058873
1931093993
1865532255
1862961765
1895561547
1737949844
1851921733
2822771827
1401415334
2039867020
1732561923
1764241425
1577794853
2425907314
1829978960
1720826412
1743028057
2156763464
1736207384
2850459800
2001649203
2098521037