2145291155
1670071920
1708942053
1647678107
1003716184
1749127163
1900093290
3112024895
1756644751
1106587564
2476894617
1831348402
1679137870
1878923963
1645171780
2737962853
1639127253
1661059551
1732950433
1759084801
1104150515
2235685314
1100856704
2317523915
1687297134
1686233063
1824868164
2487524034
1040482460
2156065755
1705180884
1812591014
1866402485
1775976155
2284686162
1742912084
1004524612
1657882770
1195910797
2202311361
1842693727
1627601305
1989742287
1742566624
1554710050
1554710050
1642268393
1768340073
2329922143
1900093822
1665232543
1629966190
3147689234
1392968862
1737694433
1876792387
3251902120
3173310954
1345346503
1691761292
1692769643
2619060025
1851875254
1246447601
1806762625
1999607273
1851666941
1582488432
2815234954
1418058457
1671248621
2810382344
1455643221
1219795431
1005592945
1626835814
2539242017
1785025302
2328793581
1718896982
1662546043
2551122101
1494850741
3173896752
1340529235
1634074550
1854681267
2103809183
1833559024
3058039045
2592025964
1956540445
2530407445
1818366452
3026446537
2894115102
3124699870
1192946040
3053294575
3032869793
