1634711530
1736059120
1784256427
1408687715
1695281983
1804135433
1496868411
1813277067
1801094603
1789203241
1415617632
2201579697
2130596147
1624572331
2011041370
1638736003
1960792087
1823279202
1867633522
1183450333
1456489642
1464667565
1830369093
1222813631
1773827485
1688849133
1815125334
1174076592
1800705370
1828480442
1837086851
1911487194
1798290343
1881953330
1690124232
1663756533
2255848663
1734340813
1745717944
1715593850
1733451500
1749955153
1812521131
1650967685
1789464607
1317436574
1507455980
2055806402
1416959495
1714173015
1172334682
1859194794
1443360772
1772674883
2159887845
1343398313
1236308622
2101904643
1738328392
1711007813
1893842783
1744448751
2134335554
1809722253
1663765234
1653047842
2121679193
1695749961
1827355874
2060872517
1032648501
1773173950
1971070122
1262559231
1228385405
1472359393
1861684514
1651124053
1163738947
1862070015
1969150004
2197667967
1266215664
1976450235
1777844872
2011033864
1713072822
1585522463
1816324710
1730350084
1634910762
1705707197
1810395217
1266777350
1979975117
1861852854
1939209821
1957610845
1773920472
