1563134600
1730761202
2030743112
1749702975
1638736003
1960792087
1183450333
1464667565
1688849133
1773827485
1828480442
1787101617
1287182803
1663756533
1881953330
1776889422
1507455980
1172334682
2055806402
2101796722
1216527747
1414843437
1744448751
1893842783
2110348773
1911134712
1653047842
2121679193
2060872517
2193397312
1410656342
1221312380
1662723344
1913898803
1063927672
1969150004
2197667967
2060114027
1195966224
1782566033
1587918467
1585522463
1730350084
1705707197
1810395217
1939209821
1861852854
1349351362
1955083077
1873290321
1059225422
2238455312
1429995424
1349171814
1816770121
1819541505
2072572837
1890587581
1700863280
2112328360
1731101152
1242769860
2017204243
2335993883
1174743370
1226064224
1225543671
1908796690
1241712495
1781006537
1631914697
1697063005
1494872024
1452954330
1044901142
1743139620
1785930810
1205107395
1832600972
2081949491
1731743603
1663736877
1504859643
2128318917
1182535451
1797115233
1758207843
2034690911
2166074390
2015952671
1338991571
1686230911
1899266064
1978574705
1404108883
1917273295
1726189365
1813764344
1240344740
