1722618390
1736059120
1846560603
1197496064
1496868411
1774909824
1454467525
1624572331
1749702975
1774055504
2167531390
1174076592
1828480442
1410091077
1840733085
1849907662
1715593850
1959359391
1789464607
2055806402
1823310674
1859194794
1768313630
2159887845
1853453915
1802548005
1809722253
1663765234
1715927214
1827355874
2193397312
1651194521
1751927492
1318583357
1933660062
1472359393
1852080380
1862070015
1828453773
2060114027
1549268633
1777844872
1752171287
2189840551
2119327035
1880332401
1266777350
1954561704
1247078293
1766102084
1957610845
1804390625
1586094833
1593979791
1769952521
1745672684
2014251053
1671864525
1082181641
1726619064
1044853991
1748598705
1140309850
1088986640
1427080882
1908796690
1808507154
1806486313
1297256005
1853944190
1862509561
1452954330
1688947420
1871290164
1959714357
1731743603
1807562407
1919308581
1657154792
1877240567
1978574705
1404108883
1804543467
2392506422
2010565157
1738649580
1779426635
1736751204
1081661065
1810669354
1710329455
2150389693
2144973071
1097819295
2115243674
2034652610
1776234362
1899285877
1798460741
