1804135433
1861755484
1825609153
1353946542
1385892075
1234986851
1896983230
1414843437
2110348773
1653047842
1433836165
1682549664
1662723344
1063927672
1167716772
2060114027
1549268633
1195966224
1843260725
1349351362
1639639575
1392649440
2128329562
2402874290
1664254004
1770389260
1253500863
1319542020
1747009897
1919119227
1082181641
1007404805
1140309850
2080785613
1903001447
1928691075
1177463084
1182535451
1731238604
1338991571
2215595802
1392256251
1732028971
1825742224
1173959592
1789484462
1736751204
1933503670
1236091282
1665035887
1895785695
2405267455
1865155173
1626567333
1741703105
1765588640
1912097173
1938779274
1756481803
1184011177
1589929322
1721463212
1838592592
2174704514
1593711535
1285621070
1825096253
1943637060
1465816763
1648962065
1645251230
1692505472
1855612861
2122804403
2056392460
1884026613
1793540465
1296721004
1373276961
1266006260
1762252970
1327215531
1712396315
1038790135
2263662900
1688793540
2137582715
1825886654
2266231213
1914377260
1862816037
2371046154
1826769607
1804998174
1225838743
1951360442
2414920185
1733115844
1256920014
1180198280
