1804135433
1801094603
1745119953
1456489642
1744318990
1897873475
1690124232
1652286665
1772674883
1553501357
2193397312
1783534845
1778807415
1766102084
1702260275
2076003691
1593979791
1695502092
1579730855
1926868695
1983773627
2011629184
1677420497
2080785613
2115891300
1765230392
1913577153
1250642585
2012232295
1959714357
1159954474
1718740297
1695919127
1779426635
1153902595
2157474215
1771581151
1665035887
2145463833
1740105461
1184011177
2153598243
1786884333
1244326081
2005287317
1911841100
1558415277
1865149973
1076432433
1464969421
2033170205
1868398324
1943637060
1731744885
1325952651
1280831557
1700209975
1256237805
1775266297
1959076923
1432959657
1784077594
1745463465
1807640550
2065357290
1600930863
1838031127
2158807894
1941237447
2109717880
1033169680
2057898752
1832490570
1912945365
1914377260
1928878291
1706264884
1828965020
1273780631
1876132045
1666742127
1734822627
1760982667
2442315862
1805025975
2278975421
2141231443
2117188817
1765295665
1856134400
1700603504
1548630274
1916248743
1409060837
1906053321
2345829982
1890903831
1460738991
1199863820
