1456447460
1336068220
2027555270
1823279202
1744318990
1961240121
1911487194
1151277630
1645237822
1149738115
1780900670
1776963235
1855821131
1738328392
1865157061
1911134712
1032648501
1228385405
1730704317
1869921350
1783534845
1039251881
1705707197
1778807415
1639639575
1059225422
1414938343
1002162287
2014251053
1082181641
1900052192
1945911971
1832146730
1932940907
1864115150
1657154792
1338991571
1888533733
1742052974
1949665843
1495478825
2150389693
1496888180
1933496395
1791764381
2145463833
2405267455
1418929543
1915436083
1322503172
1869017783
1579343392
1900393415
1118806240
1190211670
1465816763
2111550034
2144035247
1679966332
1802552791
2207295035
1948411493
1256237805
1735035692
1839060995
2205081510
1642865620
1827819693
2371046154
1804998174
1902963255
1778711495
2277991702
1986958115
1804394755
1987573763
1829208064
2442315862
1661542170
2344532741
1910417152
1432681345
1462796620
1597935845
1774033557
1404723793
1864674732
1742849667
2434150692
1660947763
1620834872
1279199045
1699698552
1985631270
2232004802
1696614667
1227391222
1935983714
1098478001
