1197496064
1183450333
1744318990
1773827485
1837086851
1260726905
2284774134
1645237822
1776889422
1849907662
1959359391
1317436574
2021544163
1172334682
1908118690
2101904643
1893842783
1852080380
1828453773
1195966224
1039251881
1816324710
2189840551
1861852854
1429995424
1816770121
1740327571
2044258437
1410265162
2112328360
1007404805
1140309850
1900052192
1226064224
1631914697
1452954330
1743139620
1213608554
1504859643
1171725262
1652173897
1718740297
1889545334
2312241503
2215595802
1799875427
1825742224
1949665843
1789484462
1236091282
1895785695
2120120242
2144973071
1798460741
1074592663
1837191695
1868609094
1908786352
1322503172
2169860662
1132599467
1911841100
1815043520
1840971997
1465816763
1789649961
1783681823
1279292190
1452549437
1080607392
1884026613
2145364155
1296721004
1072957597
1248477890
2186530761
1784077594
1712396315
1242745597
2030476695
1768341042
1494920124
1832490570
2127035155
1725131584
1873218754
1912945365
2079454651
1657437744
1813805413
1476292472
2164241391
1804998174
1733115844
1256920014
2168608157
1984079125
1104534672
