1722618390
1149971677
1197496064
1634289990
1695281983
1496868411
1774909824
1825609153
1960792087
1222813631
1961240121
1151277630
1896307765
1506566734
2255848663
1410091077
1878356811
1698845075
1645237822
1715593850
1733451500
1868129321
1823310674
1760874764
1908118690
1064479342
1738328392
1680121080
1835910342
1584023130
1809722253
2110348773
1853347207
2060872517
1032648501
1769049554
1933660062
1667902705
1085244753
1917597347
2031943433
1713072822
2119327035
1703722350
1843260725
1939209821
1912514663
1426773210
1337863290
1392649440
2238455312
1269465587
1354452023
2114068082
1750152731
1763707192
1819541505
2402874290
1745672684
1148610090
2014251053
1864524221
1747009897
1654176011
1714601743
1927023460
1568445021
1410265162
1737103003
1919119227
2017204243
2118902063
1925342777
1682017807
2168119194
1120663884
1174743370
1486123930
1594042144
1911986395
2110714731
1994882577
1494872024
1778589564
1913577153
1785930810
1927798797
2117425345
1505788803
1831463620
1959714357
1767653017
2296002454
1213608554
1404069510
1163926950
1932940907
1760362450
1864115150
1920047765
