1149971677
2030743112
1801094603
1877701565
2201579697
2130596147
2011041370
1963841522
1897873475
1257079161
2187353980
1787101617
1098686803
1353946542
1840733085
1491364322
1802404377
1812521131
1560758697
1868129321
1714173015
1633169837
1064479342
1761944580
1191465644
1893775554
1553501357
1662723344
1826789781
1439971987
2189840551
2016843041
1587918467
1912514663
1586094833
2128329562
1630265771
1763707192
1927023460
2168119194
1900052192
1574117245
1410465583
1960119341
1789908103
1778589564
1875770615
1312946750
1976953052
1163926950
1873803854
1797115233
1955055372
1892943341
1745028650
1731238604
1920047765
1457600434
2093018750
1651823521
1197011504
1781117815
1595940955
1277586930
2052495893
1907804882
1733279122
1854981991
1908220303
2184991485
2149291123
1868609094
1825122153
1908786352
1908496690
1472423397
1917701545
1912684907
1043063264
1883169074
1823257810
2144035247
2367672934
1508561587
1702153674
1910851880
1775266297
2330853612
1762252970
1327215531
1653835752
2096166922
2347416022
1875107677
1707145934
1403028002
1998484251
1825783487
1786249743
1965922402
